D 0000, 0001,1002				
D 0001, 0000,1006				
D 0002, 0000,1006				
D 0003, 0000,1006				
D 0004, 0000,1006				
D 0005, 0000,1006				
D 0006, 0000,1006				
D 0007, 0000,1006				
D 0010, 0000,1006				
D 0011, 0000,1006				
D 0012, 0000,1006				
D 0013, 0000,1006				
D 0014, 0000,1006				
D 0015, 0000,1006				
D 0016, 0000,1006				
D 0017, 0000,1006				
D 0020, 0000,1006				
D 0021, 0000,1006				
D 0022, 0000,1006				
D 0023, 0000,1006				
D 0024, 0000,1006				
D 0025, 0000,1006				
D 0026, 0000,1006				
D 0027, 0000,1006				
D 0030, 0000,1006				
D 0031, 0000,1006				
D 0032, 0000,1006				
D 0033, 0000,1006				
D 0034, 0000,1006				
D 0035, 0000,1006				
D 0036, 0000,1006				
D 0037, 0000,1006				
D 0040, 0001,1002				
D 0041, 0001,1002				
D 0042, 0001,1002				
D 0043, 0001,1002				
D 0044, 0001,1002				
D 0045, 0001,1002				
D 0046, 0001,1002				
D 0047, 0001,1002				
D 0050, 0001,1002				
D 0051, 0001,1002				
D 0052, 0001,1002				
D 0053, 0001,1002				
D 0054, 0001,1002				
D 0055, 0001,1002				
D 0056, 0001,1002				
D 0057, 0001,1002				
D 0060, 0001,1002				
D 0061, 0001,1002				
D 0062, 0001,1002				
D 0063, 0001,1002				
D 0064, 0001,1002				
D 0065, 0001,1002				
D 0066, 0001,1002				
D 0067, 0001,1002				
D 0070, 0001,1002				
D 0071, 0001,1002				
D 0072, 0001,1002				
D 0073, 0001,1002				
D 0074, 4000,0512				
D 0075, 4000,0512				
D 0076, 4000,0500				
D 0077, 3000,0502				
D 0100, 0001,1002				
D 0101, 0001,1002				
D 0102, 0001,1002				
D 0103, 0001,1002				
D 0104, 0001,1002				
D 0105, 0000,1000				
D 0106, 4001,1014				
D 0107, 0001,1016				
D 0110, 4000,1214				
D 0111, 4201,1214				
D 0112, 4401,1214				
D 0113, 4600,1214				
D 0114, 4001,1011				
D 0115, 4200,1011				
D 0116, 4400,1011				
D 0117, 4000,1010				
D 0120, 4001,0214				
D 0121, 4100,0214				
D 0122, 4001,1005				
D 0123, 0001,1002				
D 0124, 3001,0300				
D 0125, 3000,0301				
D 0126, 4001,1213				
D 0127, 4101,1212				
D 0130, 4000,1205				
D 0131, 7001,1204				
D 0132, 0100,1211				
D 0133, 4001,1210				
D 0134, 6000,1300				
D 0135, 4000,1304				
D 0136, 6001,1310				
D 0137, 4001,1314				
D 0140, 4101,0710				
D 0141, 4001,0711				
D 0142, 6200,0710				
D 0143, 6301,0710				
D 0144, 4101,1203				
D 0145, 0101,1202				
D 0146, 6200,1203				
D 0147, 6301,1203				
D 0150, 4500,0710				
D 0151, 4400,0711				
D 0152, 6601,0710				
D 0153, 6700,0710				
D 0154, 4100,1207				
D 0155, 0500,1202				
D 0156, 6201,1207				
D 0157, 6300,1207				
D 0160, 4100,0714				
D 0161, 4000,0715				
D 0162, 6201,0714				
D 0163, 6300,0714				
D 0164, 4101,1103				
D 0165, 0101,1102				
D 0166, 6200,1103				
D 0167, 6301,1103				
D 0170, 4100,1115				
D 0171, 4101,1114				
D 0172, 6201,1115				
D 0173, 6300,1115				
D 0174, 4100,1201				
D 0175, 0100,1200				
D 0176, 6201,1201				
D 0177, 6300,1201				
D 0200, 5500,0200				
D 0201, 1501,0200				
D 0202, 0100,0202				
D 0203, 7301,0200				
D 0204, 5500,0100				
D 0205, 1501,0100				
D 0206, 3600,0100				
D 0207, 7301,0100				
D 0210, 5501,0102				
D 0211, 1500,0102				
D 0212, 3601,0102				
D 0213, 7300,0102				
D 0214, 5501,0101				
D 0215, 1500,0101				
D 0216, 3601,0101				
D 0217, 7300,0101				
D 0220, 4501,0712				
D 0221, 0500,0712				
D 0222, 6600,0712				
D 0223, 6701,0712				
D 0224, 4101,1100				
D 0225, 0100,1100				
D 0226, 6601,1100				
D 0227, 6200,1100				
D 0230, 4101,1112				
D 0231, 0100,1112				
D 0232, 6601,1112				
D 0233, 6200,1112				
D 0234, 4100,1110				
D 0235, 0101,1110				
D 0236, 6600,1110				
D 0237, 6201,1110				
D 0240, 0000,0516				
D 0241, 0001,0517				
D 0242, 0200,0514				
D 0243, 0000,0515				
D 0244, 0100,0702				
D 0245, 0000,0703				
D 0246, 0001,0704				
D 0247, 0000,0705				
D 0250, 7000,0202				
D 0251, 0000,0203				
D 0252, 0601,0415				
D 0253, 0200,0415				
D 0254, 0001,0600				
D 0255, 0401,0700				
D 0256, 4000,1001				
D 0257, 0001,1002				
D 0260, 0000,0417				
D 0261, 4000,0416				
D 0262, 3000,0504				
D 0263, 0001,0505				
D 0264, 0000,0507				
D 0265, 0001,0506				
D 0266, 0000,0510				
D 0267, 0001,0511				
D 0270, 5500,0501				
D 0271, 1501,0501				
D 0272, 7601,0501				
D 0273, 7700,0501				
D 0274, 5501,0701				
D 0275, 1500,0701				
D 0276, 7600,0701				
D 0277, 7701,0701				
D 0300, 0300,0316				
D 0301, 0201,0316				
D 0302, 0101,0316				
D 0303, 0000,0316				
D 0304, 0701,0316				
D 0305, 0600,0316				
D 0306, 0500,0316				
D 0307, 0401,0316				
D 0310, 4301,0316				
D 0311, 4200,0316				
D 0312, 4100,0316				
D 0313, 4001,0316				
D 0314, 4700,0316				
D 0315, 4601,0316				
D 0316, 4501,0316				
D 0317, 4400,0316				
D 0320, 0300,0412				
D 0321, 0201,0412				
D 0322, 0101,0412				
D 0323, 0000,0412				
D 0324, 0701,0412				
D 0325, 0600,0412				
D 0326, 0500,0412				
D 0327, 0401,0412				
D 0330, 4300,0317				
D 0331, 4201,0317				
D 0332, 4101,0317				
D 0333, 4000,0317				
D 0334, 4701,0317				
D 0335, 4600,0317				
D 0336, 4500,0317				
D 0337, 4401,0317				
D 0340, 0301,0413				
D 0341, 0200,0413				
D 0342, 0100,0413				
D 0343, 0001,0413				
D 0344, 0700,0413				
D 0345, 0601,0413				
D 0346, 0501,0413				
D 0347, 0400,0413				
D 0350, 7300,0410				
D 0351, 7201,0410				
D 0352, 7101,0410				
D 0353, 7000,0410				
D 0354, 7701,0410				
D 0355, 7600,0410				
D 0356, 7500,0410				
D 0357, 7401,0410				
D 0360, 0300,0414				
D 0361, 0201,0414				
D 0362, 0101,0414				
D 0363, 0000,0414				
D 0364, 0701,0414				
D 0365, 0600,0414				
D 0366, 0500,0414				
D 0367, 0401,0414				
D 0370, 7301,0411				
D 0371, 7200,0411				
D 0372, 7100,0411				
D 0373, 7001,0411				
D 0374, 7700,0411				
D 0375, 7601,0411				
D 0376, 7501,0411				
D 0377, 7400,0411				
D 0400, 1500,0215				
D 0401, 1500,0215				
D 0402, 0601,0215				
D 0403, 0700,0215				
D 0404, 5501,0216				
D 0405, 1500,0216				
D 0406, 7600,0216				
D 0407, 7701,0216				
D 0410, 5500,0217				
D 0411, 1501,0217				
D 0412, 7601,0217				
D 0413, 7700,0217				
D 0414, 5500,0200				
D 0415, 1501,0200				
D 0416, 7601,0200				
D 0417, 7700,0200				
D 0420, 5500,0302				
D 0421, 1501,0302				
D 0422, 7601,0302				
D 0423, 7700,0302				
D 0424, 5001,0404				
D 0425, 1000,0404				
D 0426, 3600,0200				
D 0427, 3600,0200				
D 0430, 5500,0304				
D 0431, 1501,0304				
D 0432, 7601,0304				
D 0433, 7700,0304				
D 0434, 5501,0305				
D 0435, 1500,0305				
D 0436, 7600,0305				
D 0437, 7701,0305				
D 0440, 5501,0306				
D 0441, 1500,0306				
D 0442, 7600,0306				
D 0443, 7701,0306				
D 0444, 5500,0307				
D 0445, 1501,0307				
D 0446, 7601,0307				
D 0447, 7700,0307				
D 0450, 1501,0310				
D 0451, 1501,0310				
D 0452, 0600,0310				
D 0453, 0701,0310				
D 0454, 5501,0311				
D 0455, 1500,0311				
D 0456, 7600,0311				
D 0457, 7701,0311				
D 0460, 5501,0312				
D 0461, 1500,0312				
D 0462, 7600,0312				
D 0463, 7701,0312				
D 0464, 5500,0313				
D 0465, 1501,0313				
D 0466, 7601,0313				
D 0467, 7700,0313				
D 0470, 5501,0314				
D 0471, 1500,0314				
D 0472, 7600,0314				
D 0473, 7701,0314				
D 0474, 1501,0315				
D 0475, 1501,0315				
D 0476, 0600,0315				
D 0477, 0701,0315				
D 0500, 5500,0205				
D 0501, 1501,0205				
D 0502, 7600,0204				
D 0503, 7301,0200				
D 0504, 5500,0103				
D 0505, 1501,0103				
D 0506, 7601,0106				
D 0507, 7300,0107				
D 0510, 5500,0212				
D 0511, 1501,0212				
D 0512, 3600,0212				
D 0513, 7301,0212				
D 0514, 5500,0206				
D 0515, 1501,0206				
D 0516, 3600,0206				
D 0517, 7301,0206				
D 0520, 5501,0213				
D 0521, 1500,0213				
D 0522, 3601,0213				
D 0523, 7300,0213				
D 0524, 5501,0207				
D 0525, 1500,0207				
D 0526, 3601,0207				
D 0527, 7300,0207				
D 0530, 5501,0116				
D 0531, 1500,0116				
D 0532, 3601,0116				
D 0533, 7300,0116				
D 0534, 5500,0114				
D 0535, 1501,0114				
D 0536, 3600,0114				
D 0537, 7301,0114				
D 0540, 5501,0204				
D 0541, 1500,0204				
D 0542, 7601,0205				
D 0543, 7301,0200				
D 0544, 5501,0104				
D 0545, 1500,0104				
D 0546, 7600,0110				
D 0547, 7301,0111				
D 0550, 5500,0112				
D 0551, 1501,0112				
D 0552, 3600,0112				
D 0553, 7301,0112				
D 0554, 5501,0210				
D 0555, 1500,0210				
D 0556, 3601,0210				
D 0557, 7300,0210				
D 0560, 5501,0113				
D 0561, 1500,0113				
D 0562, 3601,0113				
D 0563, 7300,0113				
D 0564, 5500,0211				
D 0565, 1501,0211				
D 0566, 3600,0211				
D 0567, 7301,0211				
D 0570, 5500,0105				
D 0571, 1501,0105				
D 0572, 3600,0105				
D 0573, 7301,0105				
D 0574, 5501,0115				
D 0575, 1500,0115				
D 0576, 3601,0115				
D 0577, 7300,0115				
D 0600, 1000,0404				
D 0601, 1000,0404				
D 0602, 0000,0403				
D 0603, 0001,0402				
D 0604, 0000,0400				
D 0605, 0001,0401				
D 0606, 0401,0403				
D 0607, 0400,0402				
D 0610, 1000,0404				
D 0611, 1000,0404				
D 0612, 4001,0403				
D 0613, 4000,0402				
D 0614, 4001,0400				
D 0615, 4000,0401				
D 0616, 4400,0403				
D 0617, 4401,0402				
D 0620, 0500,0400				
D 0621, 0501,0401				
D 0622, 0101,0403				
D 0623, 0100,0402				
D 0624, 0101,0400				
D 0625, 0100,0401				
D 0626, 0500,0403				
D 0627, 0501,0402				
D 0630, 4501,0400				
D 0631, 4500,0401				
D 0632, 4100,0403				
D 0633, 4101,0402				
D 0634, 4100,0400				
D 0635, 4101,0401				
D 0636, 4501,0403				
D 0637, 4500,0402				
D 0640, 0600,0400				
D 0641, 0601,0401				
D 0642, 0201,0403				
D 0643, 0200,0402				
D 0644, 0201,0400				
D 0645, 0200,0401				
D 0646, 0600,0403				
D 0647, 0601,0402				
D 0650, 4601,0400				
D 0651, 4600,0401				
D 0652, 4200,0403				
D 0653, 4201,0402				
D 0654, 4200,0400				
D 0655, 4201,0401				
D 0656, 4601,0403				
D 0657, 4600,0402				
D 0660, 0701,0400				
D 0661, 0700,0401				
D 0662, 0300,0403				
D 0663, 0301,0402				
D 0664, 0300,0400				
D 0665, 0301,0401				
D 0666, 0701,0403				
D 0667, 0700,0402				
D 0670, 4700,0400				
D 0671, 4701,0401				
D 0672, 4301,0403				
D 0673, 4300,0402				
D 0674, 4301,0400				
D 0675, 4300,0401				
D 0676, 4700,0403				
D 0677, 4701,0402				
D 0700, 3001,1502				
D 0701, 3600,1500				
D 0702, 0001,1412				
D 0703, 4400,1410				
D 0704, 0400,1414				
D 0705, 0600,1416				
D 0706, 0101,1416				
D 0707, 0500,1416				
D 0710, 3600,1511				
D 0711, 3301,1510				
D 0712, 4001,1512				
D 0713, 4000,1510				
D 0714, 0401,1600				
D 0715, 0601,1604				
D 0716, 0100,1604				
D 0717, 0501,1604				
D 0720, 6201,1612				
D 0721, 3601,1610				
D 0722, 0000,1514				
D 0723, 4401,1516				
D 0724, 0401,1614				
D 0725, 0601,1616				
D 0726, 0100,1616				
D 0727, 0501,1616				
D 0730, 0000,1312				
D 0731, 0000,1312				
D 0732, 0000,1312				
D 0733, 0000,1312				
D 0734, 0000,1312				
D 0735, 0000,1312				
D 0736, 0000,1312				
D 0737, 0000,1312				
D 0740, 3101,1404				
D 0741, 3000,1404				
D 0742, 4400,1710				
D 0743, 4401,1714				
D 0744, 0400,1700				
D 0745, 0600,1702				
D 0746, 0101,1702				
D 0747, 0500,1702				
D 0750, 3300,1404				
D 0751, 3201,1404				
D 0752, 0001,1002				
D 0753, 0001,1002				
D 0754, 0401,1704				
D 0755, 0601,1706				
D 0756, 0100,1706				
D 0757, 0501,1706				
D 0760, 6200,1400				
D 0761, 3601,1406				
D 0762, 6001,1400				
D 0763, 4401,1406				
D 0764, 0401,1402				
D 0765, 3601,1406				
D 0766, 0101,1402				
D 0767, 0500,1402				
D 0770, 6200,1400				
D 0771, 3601,1406				
D 0772, 6001,1400				
D 0773, 4401,1406				
D 0774, 0401,1402				
D 0775, 3601,1406				
D 0776, 0101,1402				
D 0777, 0500,1402				
U 0000, 0243,0001,0040,0000,0000,0024,0020	
U 0001, 0010,0001,0000,0000,0106,0010,0400	
U 0002, 0003,0001,3000,0000,0000,2010,0530	
U 0003, 0034,4001,0000,0000,0140,3107,0420	
U 0004, 0020,0001,0000,7100,0020,5210,0000	
U 0005, 0152,4001,0000,0000,0000,1110,0060	
U 0006, 0007,0001,0000,0000,0013,0026,0031	
U 0007, 0010,0001,0000,0000,0000,1510,0100	
U 0010, 0152,3240,0003,0000,0022,1410,0000	
U 0011, 0160,2341,2000,0000,0000,0036,0000	
U 0012, 0140,0001,0000,0000,0002,1606,0000	
U 0013, 0014,5441,2000,0000,0020,1016,0000	
U 0014, 0015,0001,4000,0000,0000,1610,0000	
U 0015, 0140,4001,0001,0000,0002,1006,0000	
U 0016, 0014,3401,2000,0000,0206,1010,0400	
U 0017, 0022,3401,2003,0000,0002,3610,0000	
U 0020, 0006,4001,0000,0000,0000,2210,0000	
U 0021, 0005,4001,0000,0000,0000,2210,0000	
U 0022, 0066,4001,4000,0000,0016,0010,0000	
U 0023, 0026,3721,0500,0000,0000,0010,0000	
U 0024, 0325,3200,0003,0000,0022,0010,0000	
U 0025, 0023,3240,0003,0000,0022,0022,0500	
U 0026, 0003,0001,0060,0000,0000,0003,0000	
U 0027, 0016,5142,2600,0302,0020,1327,0043	
U 0030, 0243,0001,0000,4402,0040,1607,0017	
U 0031, 0032,4001,0000,0302,0000,0010,0011	
U 0032, 0072,4001,4000,0000,2000,2236,0100	
U 0033, 0034,3602,0000,0000,0246,0010,0503	
U 0034, 0041,3502,2000,0000,0000,0010,0000	
U 0035, 0006,4001,0000,0000,0000,2210,0000	
U 0036, 0006,4001,0000,0000,0000,2210,0000	
U 0037, 0004,0001,3000,0000,0000,2010,0537	
U 0040, 1154,3401,4200,0302,0000,0021,0040	
U 0041, 0012,0001,0000,0000,0000,0024,0622	
U 0042, 0033,3731,2040,0000,0000,0024,0602	
U 0043, 0000,3240,2040,0000,0022,0001,0000	
U 0044, 0000,3200,0043,0000,0022,0001,0000	
U 0045, 0000,3240,0043,0000,0226,0001,0400	
U 0046, 0000,3200,0043,0000,0022,0001,0000	
U 0047, 0000,3200,0043,0000,0022,0001,0000	
U 0050, 0052,4001,0400,2421,1020,7110,0000	
U 0051, 0144,0001,0000,0000,0000,7710,0000	
U 0052, 0056,4001,0000,3000,0020,1534,0000	
U 0053, 0050,0001,0000,0000,0000,7010,0000	
U 0054, 0066,0001,0000,0000,0005,2233,0000	
U 0055, 0060,3240,2007,0000,0036,3610,0140	
U 0056, 0232,4001,0000,0000,0000,1510,0310	
U 0057, 0000,5063,0000,0000,0040,5410,0000	
U 0060, 0064,4001,0003,0000,0002,3610,0000	
U 0061, 0014,5441,2000,0000,0226,1016,0400	
U 0062, 0061,4001,0003,0000,0002,0010,0000	
U 0063, 0070,4001,0003,0000,0206,4610,0400	
U 0064, 0075,3240,2007,0000,0036,0010,0141	
U 0065, 0140,0001,0000,0000,0002,1006,0000	
U 0066, 0071,4001,0003,0000,0206,0010,0400	
U 0067, 0070,0001,0003,0000,0206,0010,0400	
U 0070, 0065,0001,0000,0000,0000,1610,0000	
U 0071, 0012,4001,0000,0000,0000,0010,0000	
U 0072, 0030,3731,2000,0000,0000,0024,0420	
U 0073, 0072,3200,2002,0000,0020,0010,0000	
U 0074, 1254,3202,4600,0000,0000,2221,0200	
U 0075, 0076,4001,0003,0000,0002,3610,0000	
U 0076, 0066,3200,2007,0000,0036,0010,0142	
U 0077, 0031,3701,0000,0000,0060,2010,0415	
U 0100, 0060,4001,4000,0000,3005,0033,0000	
U 0101, 0200,0001,0040,0000,0000,4510,0000	
U 0102, 0201,0001,0040,0000,0000,0010,0000	
U 0103, 0060,3240,2000,0000,3025,0633,0004	
U 0104, 0060,3240,4000,0000,3025,0633,0002	
U 0105, 0112,0001,0000,0000,0000,4410,0000	
U 0106, 0100,3240,2000,0000,3020,0610,0004	
U 0107, 0060,4001,0000,0000,3005,0633,0004	
U 0110, 0100,3240,4000,0000,3020,0610,0002	
U 0111, 0060,4001,4000,0000,3005,0633,0000	
U 0112, 0060,4001,0000,0000,0005,0633,0020	
U 0113, 0060,2301,0000,0000,0005,0633,0002	
U 0114, 0206,0001,0000,0000,0000,4410,0000	
U 0115, 0210,0001,0000,0000,0000,4510,0000	
U 0116, 0212,4001,0000,0000,0000,4510,0000	
U 0117, 0120,4001,4000,0000,2000,2210,0000	
U 0120, 0121,0001,0000,0000,0012,3610,0000	
U 0121, 0122,3200,0003,0000,0022,3610,0000	
U 0122, 0123,3243,7700,0000,0000,0010,0000	
U 0123, 0124,0001,0007,0000,0012,1010,0140	
U 0124, 0125,3240,0003,0000,0022,3610,0000	
U 0125, 0126,3243,7700,0000,0000,0010,0000	
U 0126, 0127,4001,0007,0000,0012,1010,0141	
U 0127, 0130,3200,0003,0000,0022,0010,0000	
U 0130, 0131,3243,7700,0000,0000,0010,0000	
U 0131, 1350,4001,0007,0000,0000,1010,0142	
U 0132, 0172,4640,0200,0000,0356,5417,0000	
U 0133, 0134,1703,2000,0000,0040,5411,0000	
U 0134, 0136,3240,0003,0000,0022,1110,0040	
U 0135, 0136,3200,0003,0000,0022,0010,0000	
U 0136, 0071,3713,0000,0000,0306,1010,0400	
U 0137, 1474,4001,0040,0000,0000,0110,0126	
U 0140, 1446,4001,0000,0000,0020,1534,0714	
U 0141, 0174,1701,2000,0000,0040,5411,0000	
U 0142, 0050,3441,2000,0000,0000,1510,0302	
U 0143, 0066,3202,4000,0000,2316,1010,0000	
U 0144, 1366,0001,0000,0000,0000,2110,0145	
U 0145, 1441,4001,3000,0302,0060,0010,0002	
U 0146, 1441,4001,3000,0302,0060,0010,0002	
U 0147, 0071,0001,0003,0000,0006,3610,0400	
U 0150, 0011,3240,0003,0000,0022,0010,0000	
U 0151, 0144,3200,0003,0000,0022,7710,0000	
U 0152, 0160,2341,2020,0000,0000,2136,0105	
U 0153, 0002,0001,0000,4402,0000,2210,0400	
U 0154, 0070,4001,4003,0000,2206,0033,0400	
U 0155, 0067,0001,4003,0000,2002,1110,0040	
U 0156, 0152,3240,0203,0000,0020,1410,0000	
U 0157, 0153,3200,0203,0000,0020,1410,0000	
U 0160, 0000,3711,2010,0000,1204,0002,0000	
U 0161, 0000,0610,2012,0000,1224,0002,0000	
U 0162, 0150,3713,0000,0000,0110,7010,0000	
U 0163, 0150,0610,0002,4000,0130,7010,0000	
U 0164, 1302,3401,2000,0000,0002,7321,0000	
U 0165, 0054,0001,3000,0000,0060,2010,0567	
U 0166, 1302,3240,0003,0000,0022,6121,0000	
U 0167, 0117,3703,0000,0000,0060,2010,0417	
U 0170, 1754,3703,0000,0000,0313,0021,0000	
U 0171, 0170,0001,4000,0000,3001,0010,0020	
U 0172, 0070,3202,4003,0000,2306,0010,0400	
U 0173, 0172,0001,0003,0000,0002,1110,0040	
U 0174, 0175,3200,0003,0000,0022,1110,0040	
U 0175, 0143,3240,0003,0000,0022,1610,0100	
U 0176, 0177,4001,0003,0000,0006,3610,0400	
U 0177, 0065,4033,2000,0000,2020,0022,0004	
U 0200, 0060,0001,0000,0000,0005,0033,0000	
U 0201, 0200,5142,2000,0000,0022,1310,0000	
U 0202, 0154,3200,2400,0000,1036,0010,0000	
U 0203, 1755,3200,2410,0000,1020,0610,0000	
U 0204, 0060,3200,0000,0000,0025,0633,0002	
U 0205, 0060,3200,2000,0000,0025,0633,0000	
U 0206, 0060,3441,2000,0000,3005,0633,0004	
U 0207, 0060,2341,2000,0000,3005,0633,0004	
U 0210, 0060,0001,4000,0000,3005,0633,0020	
U 0211, 0060,2341,4000,0000,3005,0633,0002	
U 0212, 0060,3401,2000,0000,0005,0633,0000	
U 0213, 0060,2301,2000,0000,0005,0633,0000	
U 0214, 0024,4001,0000,0000,0013,3633,0000	
U 0215, 0060,3401,2000,0000,0005,0033,0000	
U 0216, 0060,3600,2000,4000,0025,0033,0000	
U 0217, 0060,3500,2000,4000,0025,0033,0000	
U 0220, 0010,0001,0003,0000,0113,3010,0041	
U 0221, 0222,0001,0000,0000,0016,0026,0221	
U 0222, 0260,4031,2003,0000,0036,3625,0000	
U 0223, 0224,3242,4000,0000,0016,2222,0002	
U 0224, 0225,4001,0003,0000,0102,3210,0430	
U 0225, 0226,0001,0000,0000,0012,0026,0221	
U 0226, 0000,3200,0003,0000,0022,1610,0000	
U 0227, 0230,0600,2200,0000,0020,4511,0000	
U 0230, 0154,3000,0000,4000,0020,5510,0000	
U 0231, 0154,3500,0000,4000,0020,5510,0000	
U 0232, 0152,3703,0200,0000,0000,1410,0000	
U 0233, 0144,0001,0000,0000,0000,7710,0000	
U 0234, 0236,4001,0000,0000,0000,4610,0000	
U 0235, 0254,3200,2000,0002,0020,4413,0000	
U 0236, 0340,3242,2060,0000,0001,1436,0020	
U 0237, 0274,3242,2020,0000,0001,1410,0020	
U 0240, 0274,3200,0003,0000,0042,0037,0000	
U 0241, 0144,4001,0000,0000,0002,7710,0000	
U 0242, 0324,3723,2400,2302,0020,5110,0734	
U 0243, 0071,3242,0000,0000,0306,0010,0400	
U 0244, 0071,4001,0001,0000,0206,1010,0400	
U 0245, 0250,4001,4000,0101,0021,5210,0144	
U 0246, 0326,3200,2000,0303,0020,4413,0044	
U 0247, 0243,0001,0000,0000,0000,1110,0020	
U 0250, 0250,1721,4600,0101,0020,5210,0000	
U 0251, 0266,5103,0500,0000,3020,0022,0210	
U 0252, 0330,3721,2400,2002,0021,5110,0102	
U 0253, 0243,0001,0000,0000,0000,1110,0040	
U 0254, 0242,3703,6210,0000,0000,0010,0000	
U 0255, 0254,3703,6200,2302,0020,5110,0044	
U 0256, 0350,3723,2400,2302,0020,5110,0734	
U 0257, 0243,4001,0000,0000,0000,1110,0060	
U 0260, 1303,0001,0003,0302,0002,3621,0070	
U 0261, 1333,0001,3000,0000,0060,2021,0511	
U 0262, 0372,3242,0220,0000,0000,0033,0000	
U 0263, 0223,3733,0000,0000,0060,2010,0426	
U 0264, 0003,4001,4400,5302,0000,0003,0044	
U 0265, 0144,0001,0000,0000,0000,7710,0000	
U 0266, 0266,4003,5600,0000,0040,4510,0000	
U 0267, 1036,1701,6000,0000,0026,0010,0400	
U 0270, 0000,3701,0000,0000,0204,0002,0000	
U 0271, 0000,0600,2002,4000,0224,0002,0000	
U 0272, 0240,3703,0000,0000,0110,7010,0000	
U 0273, 0240,0600,0002,4000,0130,7010,0000	
U 0274, 0270,0001,0000,0000,0000,0036,0000	
U 0275, 0000,3711,2000,0000,0204,0002,0000	
U 0276, 0000,3711,2000,0000,0204,0002,0000	
U 0277, 0340,4001,0000,0000,0000,0036,0000	
U 0300, 0017,3200,0201,0302,0036,0010,0044	
U 0301, 0023,3200,0201,0000,0020,0022,0500	
U 0302, 0060,3000,2000,4000,0025,0033,0000	
U 0303, 0017,5142,2600,0302,0036,1327,0043	
U 0304, 0060,3100,2000,0000,0025,0033,0000	
U 0305, 0060,3300,2000,4000,0025,0033,0000	
U 0306, 0060,2400,2000,4000,0025,0033,0000	
U 0307, 0060,2600,2000,0000,0025,0033,0000	
U 0310, 0060,2500,2000,0000,0025,0033,0000	
U 0311, 0060,2700,2000,4000,0025,0033,0000	
U 0312, 0060,2001,2000,0000,0005,0033,0000	
U 0313, 0060,2200,2000,4000,0025,0033,0000	
U 0314, 0060,2100,2000,4000,0025,0033,0000	
U 0315, 0060,2301,2000,0000,0005,0033,0000	
U 0316, 0071,3100,0000,4000,0246,0010,0201	
U 0317, 0070,3701,0003,0000,0246,4610,0202	
U 0320, 0322,0001,4000,2302,0020,5110,0734	
U 0321, 0320,3703,6200,2302,0020,5133,0044	
U 0322, 0322,0001,4000,2302,0020,5110,0734	
U 0323, 0071,0001,0000,0000,0206,1010,0400	
U 0324, 0242,3703,6210,0000,0000,0010,0000	
U 0325, 1036,4001,4000,0000,2206,1010,0400	
U 0326, 0252,3701,6310,0301,0000,0010,0734	
U 0327, 0326,3703,0210,2002,2021,5110,0030	
U 0330, 0252,3721,6310,0000,0000,0010,0000	
U 0331, 1036,4001,4000,0000,2206,1010,0400	
U 0332, 0347,4001,0020,0000,0040,0007,0000	
U 0333, 0002,3721,2000,0000,0000,0003,0000	
U 0334, 0336,3200,2400,2400,1040,5210,0000	
U 0335, 0354,3240,2400,2302,1040,5110,0044	
U 0336, 0071,4001,0000,0000,0206,0010,0400	
U 0337, 0346,5441,2060,0000,0020,0016,0000	
U 0340, 0000,0602,2004,0000,0224,0002,0000	
U 0341, 0340,0600,2002,4000,0020,0610,0020	
U 0342, 0240,3703,0000,0000,0110,7010,0000	
U 0343, 0240,0600,0002,4000,0130,7010,0000	
U 0344, 0256,3703,6210,0000,0000,0010,0000	
U 0345, 0344,3703,6200,2302,0020,5110,0044	
U 0346, 0360,3201,2640,0000,0000,0010,0000	
U 0347, 0332,3241,0600,3003,0020,5110,0000	
U 0350, 0256,3703,6210,0000,0000,0010,0000	
U 0351, 0332,3441,4200,0303,2000,1021,0043	
U 0352, 0060,5102,2000,0000,0025,1333,0000	
U 0353, 0014,4001,4000,0402,2206,0010,0400	
U 0354, 0262,5401,2440,0000,0020,0016,0000	
U 0355, 0354,5401,2400,2302,1020,5116,0044	
U 0356, 0420,3401,2270,4001,0000,0030,0000	
U 0357, 0332,4641,0600,3003,0020,5110,0000	
U 0360, 1154,3202,2420,0000,1000,0021,0000	
U 0361, 0420,3401,0010,4001,0000,0030,0000	
U 0362, 0364,0003,0000,0000,0040,5616,0000	
U 0363, 0444,3200,2420,0301,1020,0032,0041	
U 0364, 0366,3242,4600,2300,2020,5110,0734	
U 0365, 0364,0001,0000,0000,0000,1110,0420	
U 0366, 0360,3441,4200,2302,2000,0010,0734	
U 0367, 0370,3202,6010,2302,0000,0533,0777	
U 0370, 0372,3242,2320,0302,0000,0033,0043	
U 0371, 0370,4001,0400,0000,0000,0010,0000	
U 0372, 0070,4001,4000,0000,0206,0010,0400	
U 0373, 0061,3202,4600,0302,0000,0010,0043	
U 0374, 0066,4001,4000,0000,0005,0033,0000	
U 0375, 0374,5401,2000,0000,0020,1116,0420	
U 0376, 0444,5441,2420,0301,0020,4516,0041	
U 0377, 0446,5401,2420,0301,0020,4516,0041	
U 0400, 0404,2001,0000,0000,0226,0033,0203	
U 0401, 0404,2041,4000,0000,3226,0033,0203	
U 0402, 0403,4001,4000,0000,3000,0010,0000	
U 0403, 0404,3600,0000,0000,0246,0033,0203	
U 0404, 0012,4001,0000,0000,0000,0010,0000	
U 0405, 0065,3000,2000,4000,0000,0010,0000	
U 0406, 0065,3100,2000,0000,0000,0010,0000	
U 0407, 0065,3300,2000,4000,0000,0010,0000	
U 0410, 0317,4001,2000,0000,0036,1310,0000	
U 0411, 0317,1703,2000,0000,0036,1310,0000	
U 0412, 0071,3240,2000,0000,0246,0010,0502	
U 0413, 0070,4660,2000,0000,0266,1310,0502	
U 0414, 0070,0620,2000,0000,0266,1310,0502	
U 0415, 0070,4660,2000,0000,0266,0017,0502	
U 0416, 0154,4660,0200,0000,0356,5417,0000	
U 0417, 0132,4033,2040,0000,0020,0025,0000	
U 0420, 0550,3240,2420,0302,1020,0033,0043	
U 0421, 0422,4001,0005,0000,0000,1010,0000	
U 0422, 0570,3200,2000,0000,0020,0010,0000	
U 0423, 0006,3701,5500,2401,0000,0703,0001	
U 0424, 0420,3701,7710,4001,0000,0030,0000	
U 0425, 0420,0602,7710,4001,0020,0030,0000	
U 0426, 0430,5101,7710,4001,0020,0030,0000	
U 0427, 0430,5102,7710,4001,0020,0030,0000	
U 0430, 0431,4001,4040,0000,0000,0010,0000	
U 0431, 0432,4001,4301,0000,2000,1010,0000	
U 0432, 0440,3242,2400,0000,0000,0012,0000	
U 0433, 0004,3703,5500,2401,0000,0703,0001	
U 0434, 0420,0602,7710,4001,0020,0030,0000	
U 0435, 0420,0601,7710,4001,0020,0030,0000	
U 0436, 0430,5102,7710,4001,0020,0030,0000	
U 0437, 0430,3703,7710,4001,0000,0030,0000	
U 0440, 0441,3240,4215,0000,0020,0012,0000	
U 0441, 0534,3723,2004,0000,0000,1010,0000	
U 0442, 0443,3243,4507,4402,2000,1010,0166	
U 0443, 0450,3240,2424,0302,0020,0010,0002	
U 0444, 0462,5102,5500,3001,0020,0031,0000	
U 0445, 0444,5163,7700,0000,0020,0027,0000	
U 0446, 0452,0602,5504,3001,0020,0031,0000	
U 0447, 0446,5143,7700,0000,0020,0027,0000	
U 0450, 0451,3200,4241,0000,0020,3610,0000	
U 0451, 0454,3201,4240,4403,2000,0010,0000	
U 0452, 0470,5102,5500,3001,0021,0031,0405	
U 0453, 0003,0001,0000,0000,0206,0003,0400	
U 0454, 0460,3240,2400,0000,0020,5510,0000	
U 0455, 0634,3200,2007,0000,0020,0010,0171	
U 0456, 0006,4001,0020,0000,0000,0003,0000	
U 0457, 0007,5142,2020,0000,0020,0003,0000	
U 0460, 0535,3242,6260,0000,0012,0010,0000	
U 0461, 0464,5162,2660,3401,0040,5427,0000	
U 0462, 0470,0602,5504,3001,0021,0031,0405	
U 0463, 0003,0001,0000,0000,0206,0003,0400	
U 0464, 0460,2502,2660,0000,0000,0010,0000	
U 0465, 0460,5162,2660,0000,0020,0027,0000	
U 0466, 0006,5162,2020,0000,0020,0003,0000	
U 0467, 0007,0001,0020,0000,0000,0003,0000	
U 0470, 0470,0602,5504,3001,0020,0031,0000	
U 0471, 0470,5102,5500,3001,0020,0031,0000	
U 0472, 0470,5102,5500,3001,0020,0031,0000	
U 0473, 0470,0602,5504,3001,0020,0031,0000	
U 0474, 0544,0602,2600,3001,0020,0031,0000	
U 0475, 0544,5102,2604,3001,0020,0031,0000	
U 0476, 0544,5102,2604,3001,0020,0031,0000	
U 0477, 0544,0602,2600,3001,0020,0031,0000	
U 0500, 0166,0001,0400,0000,1012,3610,0000	
U 0501, 0060,0600,2000,0000,0025,1333,0000	
U 0502, 2002,4001,0000,0000,0000,6121,0000	
U 0503, 0055,4001,0000,0000,0000,3610,0000	
U 0504, 0141,3701,0000,0000,0313,0010,0000	
U 0505, 0133,3240,2000,0000,0333,0010,0000	
U 0506, 0070,4031,2000,0000,0026,0025,0400	
U 0507, 0147,4031,2000,0000,0036,0025,0000	
U 0510, 0176,3240,2400,0000,3036,0010,0000	
U 0511, 0171,3240,2040,0000,0020,0010,0000	
U 0512, 2002,4001,0000,0000,0000,6121,0000	
U 0513, 0532,4001,0000,0000,0000,7010,0000	
U 0514, 0320,3200,2000,0002,0021,4413,0042	
U 0515, 0244,3240,2000,0302,0020,5610,0006	
U 0516, 0334,3441,2000,0002,0000,4413,0000	
U 0517, 0320,3200,2200,0002,0040,4413,0000	
U 0520, 0520,0602,5500,3001,0020,0031,0000	
U 0521, 0520,5102,5504,3001,0020,0031,0000	
U 0522, 0520,5102,5504,3001,0020,0031,0000	
U 0523, 0520,0602,5500,3001,0020,0031,0000	
U 0524, 0003,3723,2010,0301,1000,0003,0040	
U 0525, 0005,3723,2010,0301,1000,0003,0040	
U 0526, 0005,3723,2010,0301,1000,0003,0040	
U 0527, 0003,3723,2010,0301,1000,0003,0040	
U 0530, 0553,3202,2660,0000,0020,0032,0000	
U 0531, 0553,3202,2660,0000,0020,1632,0062	
U 0532, 0237,0001,0440,0000,1000,1510,0020	
U 0533, 0144,0001,0000,0000,0000,7710,0000	
U 0534, 1154,3202,2400,0000,0206,0021,0400	
U 0535, 1754,3401,0217,0000,2000,1021,0171	
U 0536, 0140,0001,0005,0000,0002,1006,0000	
U 0537, 0530,3240,2407,0000,0040,5110,0166	
U 0540, 0541,5401,2004,0302,0020,1016,0043	
U 0541, 0676,0001,4000,0000,0000,0005,0000	
U 0542, 0543,5163,7000,0000,0020,0010,0000	
U 0543, 0551,3200,2060,0000,0020,0010,0000	
U 0544, 0545,0602,2604,0000,0020,0027,0000	
U 0545, 0006,2500,0360,2401,0020,5503,0000	
U 0546, 0547,5102,2604,0000,0020,0027,0000	
U 0547, 0006,3200,0360,2401,0020,5503,0000	
U 0550, 0061,0602,2604,0000,0022,1327,0000	
U 0551, 0562,4001,0000,5202,1020,5122,0200	
U 0552, 0061,5102,2600,0000,0022,1327,0000	
U 0553, 0620,5102,5500,0000,0040,5412,0000	
U 0554, 0560,3441,2210,0301,0000,0010,0756	
U 0555, 0572,0001,0010,5302,1020,5110,0044	
U 0556, 0561,0001,4300,4001,0001,0010,0104	
U 0557, 0620,0602,5504,0000,0040,5412,0000	
U 0560, 0420,3401,0010,4001,0001,0030,0400	
U 0561, 0760,0601,7704,0000,0060,0035,0000	
U 0562, 0555,3201,2040,2001,0000,0010,0000	
U 0563, 0572,0001,0010,2302,1020,5110,0045	
U 0564, 0566,0602,2600,0000,0020,0027,0000	
U 0565, 0642,3200,2010,0301,1020,0010,0762	
U 0566, 0421,3723,2010,0000,1000,0010,0000	
U 0567, 0732,5163,7000,0000,0040,5410,0000	
U 0570, 0361,3721,2010,0301,1000,0021,0756	
U 0571, 0762,4001,0000,2201,1000,0022,0200	
U 0572, 0556,5441,2310,0000,0020,0016,0000	
U 0573, 0626,5401,2400,2302,1020,5116,0044	
U 0574, 0576,3602,0004,0000,0020,5510,0000	
U 0575, 0622,3202,2060,0302,0000,0510,0011	
U 0576, 0430,5401,2000,0302,0020,1016,0043	
U 0577, 0576,0001,0000,0000,0000,1110,0420	
U 0600, 0012,4001,0000,0000,0000,0010,0000	
U 0601, 0243,0001,0040,0000,0000,0010,0000	
U 0602, 0072,0001,4040,0302,2000,0036,0011	
U 0603, 1002,4001,0000,0000,0000,0010,0000	
U 0604, 1016,0001,0000,0000,0000,7324,0442	
U 0605, 1002,4001,0000,0000,0000,0010,0000	
U 0606, 1002,4001,0000,0000,0000,0010,0000	
U 0607, 1002,4001,0000,0000,0000,0010,0000	
U 0610, 0243,0001,0040,0000,0000,0024,0502	
U 0611, 1002,4001,0000,0000,0000,0010,0000	
U 0612, 0602,0001,0000,0000,0000,0024,0502	
U 0613, 1002,4001,0000,0000,0000,0010,0000	
U 0614, 1002,4001,0000,0000,0000,0010,0000	
U 0615, 1002,4001,0000,0000,0000,0010,0000	
U 0616, 1002,4001,0000,0000,0000,0010,0000	
U 0617, 0074,4061,2260,0302,0020,0017,0007	
U 0620, 0520,0001,0000,0301,0000,4221,0041	
U 0621, 1113,0001,0000,0000,0206,0010,0400	
U 0622, 0740,5401,2400,2032,0020,5116,0044	
U 0623, 0455,0001,0001,0402,0000,1010,0000	
U 0624, 0635,3723,2400,0000,0000,0010,0000	
U 0625, 0455,0001,0001,3402,0000,1010,0000	
U 0626, 0561,4001,0400,4001,0001,0010,0100	
U 0627, 0561,0001,0400,4001,1001,0010,0100	
U 0630, 0760,3703,7700,0000,0040,1635,0064	
U 0631, 0630,3441,0200,0000,0000,0010,0000	
U 0632, 0650,5102,5500,3001,0020,0031,0000	
U 0633, 0650,0602,5504,3001,0020,0031,0000	
U 0634, 0470,3723,2010,0000,1000,4721,0000	
U 0635, 0065,0602,2000,0000,0020,0027,0000	
U 0636, 0655,3240,2001,0000,0020,1605,0061	
U 0637, 0655,3240,2001,0000,0020,0005,0000	
U 0640, 0644,3202,2000,5232,0000,4510,0033	
U 0641, 0644,3242,2000,5232,0000,4510,0032	
U 0642, 0356,0001,0000,2202,1000,0022,0600	
U 0643, 0760,3721,7400,5031,0040,0035,0015	
U 0644, 0746,5043,0000,2400,2041,5434,0200	
U 0645, 0736,5162,2000,2400,0040,5434,0000	
U 0646, 0760,3203,0000,2301,0040,0035,0600	
U 0647, 0713,4001,0400,0000,0000,0005,0000	
U 0650, 0470,0602,5500,0000,0020,0031,0000	
U 0651, 0472,0001,0000,2302,0000,1610,0001	
U 0652, 0470,5102,5504,0000,0020,0031,0000	
U 0653, 0473,4001,0000,2302,0000,1610,0001	
U 0654, 0656,0001,4000,0000,0206,0010,0400	
U 0655, 0540,3202,2660,0000,0000,0010,0000	
U 0656, 1036,5063,0000,5000,2041,5434,0200	
U 0657, 0540,5162,2660,0000,0020,0027,0000	
U 0660, 0664,3200,2060,0301,0020,5521,0033	
U 0661, 0706,4001,4300,0000,2000,1010,0000	
U 0662, 0472,4001,0000,0000,0000,4221,0000	
U 0663, 0066,4001,0000,0000,0000,1110,0624	
U 0664, 0670,4001,0000,5202,1000,4222,0200	
U 0665, 0664,5163,7700,0000,0020,0027,0000	
U 0666, 0630,7162,4000,2031,2040,5410,0002	
U 0667, 0760,3713,7700,2031,0040,0035,0002	
U 0670, 0002,5101,0004,2302,0040,5403,0177	
U 0671, 0002,0601,0000,2302,0040,5403,0177	
U 0672, 0012,4001,0001,0000,0000,1010,0000	
U 0673, 0674,4001,0040,0200,0020,5210,0000	
U 0674, 0730,0001,0000,0000,0002,4510,0000	
U 0675, 0724,3241,7000,5030,0022,5210,0377	
U 0676, 0061,3202,2505,0000,0002,1010,0000	
U 0677, 0061,5162,2505,0000,0022,1027,0000	
U 0700, 0040,3242,0600,0302,0000,0010,0015	
U 0701, 0352,3240,2040,0000,0020,0010,0000	
U 0702, 0334,3240,5001,0002,0020,4413,0000	
U 0703, 0235,3240,0201,0000,0020,0010,0000	
U 0704, 0246,3200,0201,0000,0021,0010,0100	
U 0705, 0332,3240,2011,0303,1020,0521,0043	
U 0706, 0751,3721,6010,0000,0000,0510,0000	
U 0707, 0344,3200,2000,0002,0020,4413,0000	
U 0710, 1203,0001,0000,0000,0000,1633,0001	
U 0711, 1203,0001,0000,0000,0000,1633,0002	
U 0712, 0356,3200,2010,0301,1020,0521,0756	
U 0713, 1035,3202,2660,0000,0000,0010,0000	
U 0714, 1103,4001,0000,0000,0000,1610,0001	
U 0715, 1103,4001,0000,0000,0000,1610,0002	
U 0716, 0374,0001,0000,0302,0040,5616,0043	
U 0717, 1034,0602,2664,0000,0060,0035,0000	
U 0720, 0721,3240,2061,0302,0020,0021,0011	
U 0721, 0664,3200,2400,0301,0020,5513,0030	
U 0722, 0632,4001,0000,0000,0000,4221,0000	
U 0723, 0066,4001,0000,0000,0000,1110,0624	
U 0724, 0725,0001,0000,3401,0000,1110,0620	
U 0725, 0730,0001,0000,4003,0000,4510,0000	
U 0726, 0640,3200,2000,0000,0020,1605,0005	
U 0727, 0640,3240,2000,0000,0020,1605,0001	
U 0730, 0015,4001,0000,2400,2000,0022,0200	
U 0731, 0015,4001,0000,1400,2000,0022,0200	
U 0732, 0154,2540,0200,0000,2036,0022,0200	
U 0733, 0154,5140,0200,0000,2036,0022,0200	
U 0734, 0066,4001,0000,0000,0000,1110,0420	
U 0735, 0575,3721,0540,0000,0000,0410,0000	
U 0736, 0746,0001,0000,1400,2001,0010,0200	
U 0737, 0746,3441,2000,0000,0000,0010,0000	
U 0740, 0624,3721,6010,0000,0206,0510,0400	
U 0741, 0070,3401,2000,0000,0206,0010,0400	
U 0742, 0774,3243,5560,5031,0040,0035,0006	
U 0743, 0643,3721,6010,0302,0000,0510,0012	
U 0744, 1041,0001,0000,0401,0001,0005,0170	
U 0745, 0760,3701,7700,5031,0040,0035,0042	
U 0746, 0762,3721,2001,0000,0001,1010,0142	
U 0747, 0746,3441,2000,0000,0000,0010,0000	
U 0750, 1004,3200,2060,0000,0020,0021,0000	
U 0751, 0752,3200,2310,0000,0020,0010,0000	
U 0752, 1120,0602,2600,0302,0060,0035,0004	
U 0753, 1035,3202,2000,0000,0000,0510,0000	
U 0754, 1154,5401,2400,0000,1021,0016,0402	
U 0755, 0756,5401,2200,0000,0020,0016,0000	
U 0756, 0672,0602,2004,0000,0246,5613,0400	
U 0757, 1034,0602,2004,0000,0060,0535,0000	
U 0760, 0744,3713,4000,0000,2041,5410,0044	
U 0761, 0760,5143,7700,0000,0060,1635,0064	
U 0762, 0760,3701,7700,2031,0040,0035,0002	
U 0763, 1024,4001,0000,0000,0000,0005,0000	
U 0764, 1024,3703,5500,3001,0000,0005,0000	
U 0765, 1024,3203,2600,5031,0000,0005,0002	
U 0766, 1024,3203,5500,5031,0000,0005,0003	
U 0767, 0742,3043,5500,0302,0020,5417,0014	
U 0770, 0751,3701,6310,0000,0000,1010,0000	
U 0771, 1056,3242,2600,0000,0001,0010,0102	
U 0772, 0752,0001,4300,0000,2001,0010,0104	
U 0773, 0661,4001,4000,0000,0000,0010,0000	
U 0774, 1024,3201,2600,2031,0000,0005,0002	
U 0775, 1024,3201,5500,4001,0000,0005,0000	
U 0776, 1024,4001,0000,0000,0000,0005,0000	
U 0777, 0774,3243,5560,5031,0040,0035,0003	
U 1000, 0227,4001,0000,0000,3000,0610,0004	
U 1001, 0232,0001,0000,0000,0000,7010,0000	
U 1002, 0264,3202,0600,0302,0000,7021,0015	
U 1003, 0221,4001,4000,0000,0100,3010,0424	
U 1004, 1020,0001,0000,5202,1020,5122,0200	
U 1005, 0734,5401,0200,5231,0020,5116,0244	
U 1006, 0264,3202,0600,0302,0000,7021,0015	
U 1007, 0220,4001,4000,0000,0116,3010,0040	
U 1010, 0442,3240,0205,0000,0020,0710,0003	
U 1011, 1754,3240,5041,0000,0033,3622,0505	
U 1012, 0004,0001,0010,5302,2020,5103,0044	
U 1013, 0420,3701,0500,0000,0000,0010,0000	
U 1014, 2002,4001,0000,0000,0000,6121,0000	
U 1015, 0234,3200,2440,0000,1020,1510,0040	
U 1016, 1002,4001,0000,0000,0000,0010,0000	
U 1017, 0050,3401,2000,0000,0100,1515,0302	
U 1020, 1012,3202,2660,2001,0000,0010,0000	
U 1021, 0004,4001,0010,2302,2020,5103,0044	
U 1022, 1052,0001,0000,2202,1001,4510,0200	
U 1023, 1027,4001,4340,0000,2000,0010,0000	
U 1024, 0757,3441,2060,0000,0000,0010,0000	
U 1025, 0753,2301,0260,0000,0000,0405,0000	
U 1026, 0647,2341,0260,0302,0000,0410,0011	
U 1027, 1031,3721,6010,0000,0000,0510,0000	
U 1030, 0664,3240,2400,0301,1020,5521,0032	
U 1031, 1120,3202,2310,0302,0040,0035,0012	
U 1032, 0522,4001,0000,0000,0000,4210,0000	
U 1033, 0066,4001,0000,0000,0000,1110,0624	
U 1034, 1035,0301,7000,4001,0020,0010,0000	
U 1035, 1041,3502,0604,0000,2000,0705,0410	
U 1036, 0015,4001,0000,0000,0000,1610,0000	
U 1037, 0015,3441,2000,0000,0000,1610,0000	
U 1040, 1050,3200,5061,0000,0020,0010,0000	
U 1041, 0066,4001,0000,0000,0005,1633,0000	
U 1042, 1040,5143,7700,0000,0020,0027,0000	
U 1043, 0654,3401,2000,0302,0000,1010,0033	
U 1044, 1060,3240,2061,0301,0020,0010,0756	
U 1045, 0066,5143,7000,0000,0025,1633,0000	
U 1046, 1070,3100,0060,3022,0020,5510,0000	
U 1047, 1043,5143,7700,0000,0020,0027,0000	
U 1050, 1004,3200,2400,0000,1020,0021,0000	
U 1051, 1062,4003,2000,0000,0040,5410,0000	
U 1052, 0361,3721,2010,0000,1000,0021,0000	
U 1053, 1052,0001,0000,4400,2001,0010,0200	
U 1054, 0772,5441,2400,2300,1020,5116,0734	
U 1055, 0770,5441,2400,2302,1020,5116,0044	
U 1056, 1120,3703,0000,0302,0040,0035,0004	
U 1057, 1056,3701,7710,0000,0000,0710,0001	
U 1060, 0361,3401,2210,2302,1000,0021,0600	
U 1061, 0016,5163,7700,0000,0020,0027,0000	
U 1062, 1120,2502,2610,0000,1040,0035,0000	
U 1063, 1120,5142,2610,0000,1060,0035,0000	
U 1064, 1066,0602,2604,0000,0020,0027,0000	
U 1065, 0004,4001,2000,5010,3016,0603,0200	
U 1066, 1022,3240,2010,0301,1020,0010,0762	
U 1067, 1160,0001,0003,2411,0002,1136,0100	
U 1070, 1030,3240,5001,0000,0020,0021,0000	
U 1071, 1030,3240,5001,0000,0020,1621,0001	
U 1072, 1146,3240,0003,0000,0022,7010,0000	
U 1073, 0473,3721,2001,4001,0001,1010,0502	
U 1074, 1076,0001,0000,5302,0000,0010,0044	
U 1075, 0472,3723,2001,4001,0001,1010,0502	
U 1076, 1101,4001,4400,5002,0000,0010,0000	
U 1077, 1120,3200,2301,0302,0040,0035,0004	
U 1100, 0356,3200,2010,0301,1020,0521,0756	
U 1101, 0003,0001,4000,0000,0016,0003,0000	
U 1102, 1103,0001,4000,0000,3000,0010,0000	
U 1103, 0565,3401,0200,0202,1000,0022,0200	
U 1104, 1106,3602,0000,0000,0020,5510,0000	
U 1105, 1174,7162,0000,0102,0041,5410,0170	
U 1106, 0060,0001,0000,0302,0005,0033,0043	
U 1107, 1106,4001,0000,0000,0000,1110,0420	
U 1110, 0363,3200,5041,0000,0021,0010,0545	
U 1111, 1143,3721,2007,0000,0000,1010,0172	
U 1112, 0376,3200,2040,4402,0021,4510,0542	
U 1113, 0071,0001,0000,0000,0000,1110,0424	
U 1114, 0720,0001,0000,3201,1000,0022,0340	
U 1115, 1201,0001,0000,0000,0000,1610,0001	
U 1116, 0060,5142,6400,0302,1025,0033,0044	
U 1117, 0060,3202,6400,0302,1005,0033,0044	
U 1120, 1130,3721,0000,0302,0040,5427,0043	
U 1121, 1051,2021,2060,0000,0000,1610,0001	
U 1122, 1057,3703,7710,2031,0000,0012,0004	
U 1123, 1125,3701,7700,2031,0000,0010,0002	
U 1124, 1125,0301,7700,4001,0020,0027,0000	
U 1125, 1136,4001,2600,0302,0060,0035,0043	
U 1126, 1125,3701,5500,3001,0000,0710,0001	
U 1127, 1023,4001,4000,5001,0000,0010,0000	
U 1130, 0016,3401,2200,0000,0000,1610,0000	
U 1131, 1023,4001,4000,5001,0000,0010,0000	
U 1132, 0014,3202,4600,0000,0206,1010,0400	
U 1133, 1061,3002,0600,0000,0000,1610,0000	
U 1134, 0012,0001,0000,0000,0000,0014,0000	
U 1135, 0012,4001,0000,0000,0000,0010,0000	
U 1136, 1137,0301,7700,4001,0020,0027,0000	
U 1137, 1132,4041,0220,0000,2020,0705,0413	
U 1140, 1217,3401,2047,2412,0000,1021,0166	
U 1141, 1152,0001,0040,5110,3021,5110,0600	
U 1142, 1105,3202,2040,0000,0000,0010,0000	
U 1143, 1224,0600,2000,0000,0021,0010,0142	
U 1144, 1177,1701,6040,0000,0021,0010,0060	
U 1145, 0071,4001,0003,0000,0206,0010,0400	
U 1146, 1160,0001,0000,0000,0000,0036,0000	
U 1147, 2040,0001,0000,0000,0000,0005,0000	
U 1150, 1164,3200,0003,5302,0022,5110,0044	
U 1151, 2040,3200,0003,0000,0022,0005,0000	
U 1152, 0004,0001,0000,0000,0016,0003,0000	
U 1153, 1065,4001,0400,0301,1000,0010,0044	
U 1154, 0002,0001,4000,0000,0000,0003,0000	
U 1155, 0002,4001,0000,0000,0000,0003,0000	
U 1156, 0004,3242,2000,0000,0000,0003,0000	
U 1157, 0004,3242,2000,0000,0000,0003,0000	
U 1160, 0001,3711,0000,0000,0315,0003,0000	
U 1161, 0001,0610,0002,0000,0335,0003,0000	
U 1162, 1072,3713,0000,0000,0111,0010,0000	
U 1163, 1072,0610,0002,4000,0131,0010,0000	
U 1164, 1154,3441,2400,0000,0000,0013,0000	
U 1165, 1154,3401,2400,2002,1020,5110,0000	
U 1166, 1170,3240,0013,5000,1022,5110,0000	
U 1167, 0003,4001,0000,0000,0002,0003,0000	
U 1170, 1171,0001,0000,2401,0000,0010,0000	
U 1171, 1074,3723,2400,5301,0000,0013,0110	
U 1172, 1113,0001,0000,0000,0206,0010,0400	
U 1173, 1111,4001,4047,0000,2000,1010,0171	
U 1174, 1223,0001,0020,2400,3001,0010,0600	
U 1175, 0067,3200,2007,0000,0020,0010,0166	
U 1176, 1220,3441,2207,5002,0000,1010,0171	
U 1177, 1250,0600,2027,0000,0020,0011,0166	
U 1200, 1201,4001,4000,0000,3000,0010,0000	
U 1201, 0660,4001,0000,4202,1000,0022,0340	
U 1202, 1203,4001,4000,0000,3000,0033,0000	
U 1203, 0543,3401,0200,0203,1000,0022,0200	
U 1204, 0567,3441,0200,2421,0000,0110,0000	
U 1205, 0750,3401,0200,0203,1000,0022,0200	
U 1206, 1215,3200,2000,5132,0020,0010,0044	
U 1207, 0542,3441,0200,0203,1000,0022,0200	
U 1210, 1140,4001,0000,0000,0000,4610,0000	
U 1211, 0571,3200,2000,0002,0021,0013,0142	
U 1212, 0760,5401,2400,0301,1020,4516,0277	
U 1213, 0734,4061,0700,5231,0020,5110,0244	
U 1214, 1754,4001,0000,0203,1013,3622,0700	
U 1215, 0065,0001,0000,5400,3001,0010,0200	
U 1216, 1040,3721,0500,0000,0000,0033,0000	
U 1217, 1221,0001,0000,2400,2000,0022,0200	
U 1220, 1223,0001,0000,2400,3001,0010,0700	
U 1221, 1154,4001,0400,0302,1000,0010,0011	
U 1222, 1172,0600,2007,0000,0040,5610,0171	
U 1223, 1231,3401,2400,0301,1000,0010,0004	
U 1224, 0376,4001,0000,4402,0000,1021,0000	
U 1225, 1134,5062,0000,0000,0246,6517,0203	
U 1226, 1240,5162,0600,0301,0020,0010,0774	
U 1227, 1240,3703,0300,0301,0040,5410,0774	
U 1230, 1230,0602,5504,3001,0020,0031,0000	
U 1231, 1230,5102,5500,3001,0020,0031,0000	
U 1232, 1225,4001,0003,0000,0002,0010,0000	
U 1233, 0071,3602,0000,0000,0246,0010,0203	
U 1234, 1244,0602,2000,3001,0020,0031,0000	
U 1235, 1244,5102,2004,3001,0020,0031,0000	
U 1236, 1242,0001,0003,0000,0002,6510,0000	
U 1237, 0071,3602,0000,0000,0246,0010,0203	
U 1240, 1144,0600,2007,0000,0020,0010,0171	
U 1241, 1177,3701,6040,0000,0001,0010,0060	
U 1242, 0071,4001,0000,0000,0206,0010,0400	
U 1243, 1544,0001,0000,0000,0000,0024,0502	
U 1244, 1245,0602,2000,0000,0020,0010,0000	
U 1245, 0002,3723,2400,0301,1000,0003,0044	
U 1246, 1251,3701,3000,0000,0060,2210,0020	
U 1247, 1246,3701,0000,0000,0000,6710,0000	
U 1250, 1217,3441,2000,2412,0000,1021,0000	
U 1251, 0003,3701,0000,0000,0060,2203,0100	
U 1252, 0361,3240,2017,0000,1020,0521,0172	
U 1253, 0003,3703,0000,0000,0060,0003,0030	
U 1254, 1260,4001,0000,0000,0000,6610,0000	
U 1255, 0151,4001,0000,0000,0000,2210,0000	
U 1256, 1206,3713,5000,0000,0206,0010,0400	
U 1257, 1273,0001,0000,0000,0060,0010,0027	
U 1260, 1253,3701,0000,0000,0000,2210,0030	
U 1261, 1254,4001,0000,0000,0000,7010,0000	
U 1262, 1275,3701,0043,0000,0302,0033,0000	
U 1263, 1262,4003,2000,0000,0036,0017,0000	
U 1264, 1273,3701,0000,0000,0060,0010,0026	
U 1265, 1266,3701,0000,0000,0307,0010,0601	
U 1266, 0066,0001,0000,0000,0002,0010,0000	
U 1267, 1262,0001,0000,0000,0000,6510,0000	
U 1270, 1002,3242,2000,0000,0000,0010,0000	
U 1271, 1254,0001,0000,0000,0000,2221,0200	
U 1272, 0066,4001,0000,0000,0016,0110,0420	
U 1273, 1247,3701,0000,0000,0060,2210,0060	
U 1274, 1276,0001,3400,0000,3060,2010,0512	
U 1275, 1406,0001,0000,0000,0012,1110,0100	
U 1276, 1407,0001,4000,0000,2000,0610,0000	
U 1277, 1406,0001,0000,0000,0000,1110,0100	
U 1300, 1152,4001,0040,5110,3021,0034,0600	
U 1301, 0066,4001,1000,0000,0016,3610,0000	
U 1302, 1002,3242,2000,0000,0000,0010,0000	
U 1303, 0001,0001,0000,0000,0000,2203,0400	
U 1304, 1067,0001,0400,0102,1000,0021,0000	
U 1305, 1150,0001,0000,2002,0000,0021,0000	
U 1306, 1311,0001,3400,0000,3060,2010,0530	
U 1307, 0071,4001,0000,0000,0206,1014,0400	
U 1310, 1152,4001,0040,5110,3021,0034,0600	
U 1311, 1316,0001,3420,0000,1060,2010,0501	
U 1312, 2002,4001,0040,0302,0000,7321,0011	
U 1313, 1265,0001,4000,0000,0000,0010,0000	
U 1314, 1067,0001,0400,0102,1000,0021,0000	
U 1315, 1166,3200,2000,5302,0020,5121,0044	
U 1316, 1320,3302,6004,0000,0000,0610,0000	
U 1317, 1134,0001,0003,0000,0206,0010,0400	
U 1320, 1232,3703,0000,0000,0005,2233,0100	
U 1321, 1324,3203,0000,0302,0020,5510,0011	
U 1322, 1002,3242,2000,0000,0000,0010,0000	
U 1323, 1254,4001,0000,0000,0000,2210,0200	
U 1324, 1407,4001,0000,0000,0000,0010,0007	
U 1325, 1326,3401,2010,0000,0000,4410,0000	
U 1326, 1330,4001,0000,0000,0000,0121,0100	
U 1327, 1345,3723,0000,0000,0307,0010,0602	
U 1330, 1422,0001,0400,0302,1000,0021,0015	
U 1331, 1332,4001,0000,0000,0002,0110,0140	
U 1332, 1423,0001,0400,0302,1000,0010,0015	
U 1333, 1340,4001,0000,2400,3001,0010,0200	
U 1334, 0003,3441,2400,0302,1000,0003,0033	
U 1335, 1336,4001,0400,0000,0000,2210,0000	
U 1336, 1337,3322,0000,0000,0001,0010,0016	
U 1337, 1232,0001,4000,0000,3005,0033,0000	
U 1340, 1754,3401,2040,0000,0007,0021,0502	
U 1341, 1754,3441,2400,0000,3007,0021,0503	
U 1342, 1334,4001,3000,0000,0060,2010,0567	
U 1343, 1335,3441,3220,0000,0060,2010,0567	
U 1344, 1154,0001,0000,0302,0000,0021,0011	
U 1345, 1350,0001,0000,0000,0000,2210,0000	
U 1346, 1345,3703,0000,0000,0307,0010,0603	
U 1347, 0017,3721,0000,0302,0316,0010,0043	
U 1350, 1154,4061,2000,0302,0022,0521,0014	
U 1351, 1353,3441,2400,0000,3000,0010,0000	
U 1352, 1515,3441,2040,0301,0300,0010,0077	
U 1353, 1364,4001,3000,0000,0060,2010,0515	
U 1354, 1434,4001,0000,0000,0001,0033,0460	
U 1355, 1347,0602,2604,0000,0020,2227,0000	
U 1356, 1356,0602,2000,3001,0320,2334,0021	
U 1357, 0066,0001,0000,0000,0000,2310,0000	
U 1360, 1354,4001,3000,0000,0060,2010,0510	
U 1361, 1354,0001,3000,0000,0060,2010,0511	
U 1362, 1354,0001,3000,0000,0060,2010,0512	
U 1363, 1354,4001,3000,0000,0060,2010,0513	
U 1364, 1407,4001,0000,0000,2000,0022,0004	
U 1365, 1407,0001,0000,0000,0000,0022,0026	
U 1366, 1367,0001,0000,0000,0000,2210,0400	
U 1367, 1370,0001,3000,0000,0060,2010,0517	
U 1370, 1373,3701,5010,0000,1100,3021,0514	
U 1371, 1372,0001,0000,0000,0000,2210,0000	
U 1372, 1544,4001,0000,0000,0000,2110,0105	
U 1373, 1420,3401,2400,0302,3040,0007,0015	
U 1374, 1375,4001,0000,0000,0000,1510,0714	
U 1375, 1443,4001,0000,0000,0000,2110,0105	
U 1376, 1426,0001,0000,0000,0000,0010,0000	
U 1377, 1426,4001,0000,0000,0000,0010,0001	
U 1400, 2002,4001,0000,0000,0000,7321,0000	
U 1401, 1263,0001,0000,0000,0020,0034,0000	
U 1402, 1406,4001,0040,0000,3000,0610,0004	
U 1403, 1426,4001,0000,0000,0000,0010,0002	
U 1404, 1302,3242,2000,0000,0000,7321,0000	
U 1405, 1360,3441,2010,0302,1000,0033,0015	
U 1406, 1270,3200,0003,0000,0022,7321,0000	
U 1407, 1232,4001,0000,0000,0005,2233,0000	
U 1410, 1302,4001,0000,0000,0000,7321,0000	
U 1411, 1407,3703,0000,0000,0060,2010,0417	
U 1412, 2002,0001,0040,0000,0000,7321,0000	
U 1413, 1266,0001,0000,0000,0007,0010,0505	
U 1414, 1302,0001,0040,0000,3001,7310,0404	
U 1415, 1407,3703,0000,0000,0060,2010,0414	
U 1416, 1302,0001,0040,0000,0000,7321,0000	
U 1417, 1274,4001,3000,0000,0060,2010,0510	
U 1420, 1376,4001,3000,0000,0060,2023,0510	
U 1421, 1377,4001,3000,0000,0060,2023,0511	
U 1422, 1403,0001,3000,0000,0060,2023,0512	
U 1423, 1425,0001,3000,0000,0060,2023,0513	
U 1424, 1374,0001,0000,0000,0000,2210,0000	
U 1425, 1426,0001,0000,0000,0000,0010,0003	
U 1426, 1434,0001,0000,0000,2041,0007,0460	
U 1427, 1430,0602,2604,0302,0036,3527,0043	
U 1430, 1431,3441,2003,0000,0002,1510,0004	
U 1431, 0001,4001,4000,0000,0016,3603,0000	
U 1432, 1440,4001,0060,0000,0012,0026,0111	
U 1433, 1440,4001,0060,0000,0012,0026,0221	
U 1434, 1432,3441,2400,0000,0100,3010,0510	
U 1435, 1432,3401,2400,0000,0100,3010,0512	
U 1436, 1433,3401,2400,0000,0100,3010,0504	
U 1437, 1433,3441,2400,0000,0100,3010,0506	
U 1440, 1754,3240,0003,0000,0033,3621,0000	
U 1441, 1450,0001,0000,0000,0040,1507,0714	
U 1442, 0001,3701,0500,0000,0000,0003,0000	
U 1443, 0010,4001,0000,0000,0013,0026,0511	
U 1444, 1445,3203,2000,0302,0000,0010,0005	
U 1445, 1463,3441,2000,7311,0040,0007,0030	
U 1446, 1443,0001,0000,0000,0100,3410,0041	
U 1447, 0010,4660,0007,0000,0333,0010,0166	
U 1450, 1443,4001,0000,0401,0100,3410,0040	
U 1451, 1443,4001,0000,0401,0100,3410,0040	
U 1452, 1444,0001,0017,0000,1000,1010,0166	
U 1453, 1464,3703,0010,0000,1312,0010,0000	
U 1454, 1540,3703,0010,7310,1320,5210,0040	
U 1455, 1522,3703,0010,0000,1360,0010,0000	
U 1456, 1640,3243,2010,7310,1020,5210,0040	
U 1457, 1443,4001,0000,0401,0100,3410,0040	
U 1460, 1154,3401,2400,0302,1000,0021,0011	
U 1461, 1754,0001,0000,0000,0012,0026,0101	
U 1462, 0010,3701,0000,0000,0313,0026,0511	
U 1463, 0010,3723,0000,0000,0313,0026,0511	
U 1464, 1470,3200,0003,7310,0042,5210,0040	
U 1465, 1560,0001,0020,7310,0020,5210,0040	
U 1466, 1543,3242,6000,0000,0016,0026,0101	
U 1467, 0010,3723,0000,0000,0313,0026,0511	
U 1470, 1543,4003,2000,0000,0036,0010,0000	
U 1471, 1543,1701,2000,0000,0036,0010,0000	
U 1472, 1474,4001,0040,2030,2000,0110,0145	
U 1473, 1460,4001,0000,2030,2000,0110,0142	
U 1474, 1475,3441,2400,0302,1000,0010,0011	
U 1475, 0004,0001,4000,0000,0000,0003,0000	
U 1476, 1474,0001,0000,2030,2000,0110,0140	
U 1477, 0010,3723,0000,3401,0313,0010,0000	
U 1500, 1302,4001,0000,0000,0000,7321,0000	
U 1501, 1407,0001,3000,0000,0060,2010,0513	
U 1502, 2002,4001,0000,0000,0000,7321,0000	
U 1503, 0137,4001,0000,0000,0020,0721,0100	
U 1504, 1525,0001,0000,0000,0000,0021,0000	
U 1505, 1524,4001,4007,0000,2000,1010,0156	
U 1506, 1520,3102,0000,0000,0020,5410,0000	
U 1507, 1272,3242,2000,0000,3000,0022,0004	
U 1510, 1002,3242,2000,0000,0000,0010,0000	
U 1511, 0164,4001,0000,0000,0007,0010,0504	
U 1512, 2002,4001,0000,0000,0000,7321,0000	
U 1513, 1301,0001,0000,0000,0007,0010,0407	
U 1514, 2002,0001,0040,0401,0000,7321,0000	
U 1515, 1356,0001,0000,0000,0000,2310,0001	
U 1516, 1302,3703,4200,0000,3001,7310,0400	
U 1517, 1321,3703,4000,0000,2060,2010,0620	
U 1520, 0012,3401,2000,0000,0000,0003,0000	
U 1521, 1754,4001,0000,0000,0012,3626,0111	
U 1522, 1257,3441,2000,0000,0060,2221,0027	
U 1523, 1465,3721,2400,0000,1000,0010,0000	
U 1524, 1526,4001,0007,0000,0000,1010,0157	
U 1525, 1754,4001,0000,0000,0012,0026,0111	
U 1526, 1674,4001,0000,0000,0000,2204,0400	
U 1527, 1754,0001,0000,0000,0012,0010,0000	
U 1530, 1534,3733,0000,0000,0307,1710,0140	
U 1531, 1530,4001,0000,0000,0016,0010,0000	
U 1532, 0264,3721,2000,7311,0000,0521,0030	
U 1533, 1472,0001,4000,0000,0000,0010,0000	
U 1534, 1536,0001,0007,2302,0002,1010,0160	
U 1535, 1461,3701,0000,0000,0307,0010,0503	
U 1536, 1546,4001,3000,0000,0060,2010,0567	
U 1537, 1543,4001,0000,0000,0000,0010,0000	
U 1540, 1525,4001,0000,0000,1041,0007,0400	
U 1541, 1532,3243,2000,0302,0000,0021,0015	
U 1542, 1264,3200,0003,0000,0022,2221,0026	
U 1543, 1544,4001,0003,0000,0002,0024,0502	
U 1544, 0071,4001,0000,0000,0106,0010,0400	
U 1545, 1504,1703,0000,0000,0320,0021,0000	
U 1546, 1551,0001,0000,6100,3001,0010,0200	
U 1547, 1542,0602,0004,0000,0332,0026,0101	
U 1550, 1525,0001,0000,0000,0000,0021,0000	
U 1551, 1727,4001,0000,0000,0000,2204,0000	
U 1552, 1152,4001,0000,5110,3021,5110,0600	
U 1553, 1554,3401,2007,0000,0000,1010,0153	
U 1554, 1555,4001,0000,0000,2000,0022,0200	
U 1555, 1562,3701,0200,2400,2000,0022,0200	
U 1556, 1067,4001,0400,0102,1000,0010,0000	
U 1557, 1542,0001,0000,0000,0000,0010,0000	
U 1560, 1625,0001,0400,0000,1040,0007,0000	
U 1561, 1532,3243,2000,0302,0000,0021,0015	
U 1562, 1563,3731,4200,0000,3001,1710,0006	
U 1563, 1666,3241,4007,0000,2020,1032,0163	
U 1564, 1566,3203,0600,0000,0000,2310,0002	
U 1565, 1504,4001,0000,0000,0320,0021,0000	
U 1566, 1570,3243,0500,0000,0020,2310,0033	
U 1567, 1635,0602,0004,0000,0320,0010,0000	
U 1570, 1571,3243,0500,0000,0020,2310,0010	
U 1571, 1572,3203,0500,0000,0000,2310,0002	
U 1572, 1573,3110,0007,0000,0320,0010,0152	
U 1573, 1574,3200,0007,0000,0020,5510,0161	
U 1574, 1576,0001,0000,0000,0000,0026,0100	
U 1575, 1576,0001,0000,0000,0000,0026,0200	
U 1576, 1601,4001,0000,0000,0020,2310,0033	
U 1577, 1543,4001,0000,0000,0000,0010,0000	
U 1600, 1322,4001,0040,0000,3001,7310,0404	
U 1601, 1602,3242,2000,0301,0020,2310,0010	
U 1602, 1605,3200,2207,0000,0040,0010,0152	
U 1603, 1320,3703,0000,0000,0060,2010,0415	
U 1604, 1322,4001,0040,0000,0000,7321,0000	
U 1605, 1715,0001,0000,0000,0020,0632,0020	
U 1606, 1620,5110,0207,0000,0020,0010,0150	
U 1607, 1306,4001,3000,0000,0060,2010,0500	
U 1610, 1302,4001,0000,0302,0000,7321,0070	
U 1611, 1333,0001,3000,0000,0060,2021,0511	
U 1612, 1002,3242,2000,0000,0000,0010,0000	
U 1613, 1407,3242,4000,0000,0000,0610,0002	
U 1614, 1302,3401,0240,0000,3001,7310,0404	
U 1615, 1344,3701,0000,0000,0060,2010,0416	
U 1616, 1302,3441,2040,0302,0000,7321,0011	
U 1617, 1341,0001,3000,0000,0060,2010,0531	
U 1620, 1621,3242,2040,2422,0000,0010,0000	
U 1621, 1622,0612,0004,7302,0320,0010,0400	
U 1622, 1630,4001,0040,2400,0037,5226,0101	
U 1623, 1626,3500,2007,0000,0036,0010,0145	
U 1624, 1626,3500,2007,0000,0036,0010,0146	
U 1625, 1543,3202,6000,0000,0016,0026,0111	
U 1626, 2023,0001,0003,4402,0042,0607,0014	
U 1627, 1543,3242,6000,0000,0016,0010,0000	
U 1630, 1623,3200,0003,0302,0022,0510,0000	
U 1631, 1624,3240,0003,0302,0022,0510,0022	
U 1632, 1652,4001,0000,7030,0020,5210,0020	
U 1633, 1634,3200,0207,2400,3020,0110,0153	
U 1634, 1722,4001,4007,0000,2000,1010,0161	
U 1635, 1466,3711,0000,0000,0307,0010,0503	
U 1636, 1642,3240,0207,6100,3020,0110,0152	
U 1637, 1543,4001,0000,0000,0000,0010,0000	
U 1640, 1476,0001,0000,7311,0000,0021,0030	
U 1641, 1257,3441,2000,0000,0000,2221,0027	
U 1642, 1646,3510,0007,0000,0320,0010,0147	
U 1643, 1650,0321,5400,0000,1020,0010,0000	
U 1644, 1550,3701,0000,0000,0300,0021,0000	
U 1645, 1150,0001,0000,2002,0000,0021,0000	
U 1646, 1660,3200,0007,0000,0020,5510,0161	
U 1647, 1542,0001,0000,0000,0000,0010,0000	
U 1650, 1476,4001,0020,7311,0000,0021,0030	
U 1651, 1656,0003,2000,0000,0040,2317,0010	
U 1652, 1636,4001,0000,7320,2000,0110,0037	
U 1653, 1633,3242,2000,0302,0000,0010,0024	
U 1654, 1550,4003,0000,0000,0320,0021,0000	
U 1655, 1166,3202,6000,5302,0020,5121,0044	
U 1656, 1662,3310,0007,0000,0320,0010,0147	
U 1657, 1543,4001,0000,0000,0000,0010,0000	
U 1660, 1651,0001,0000,0000,0000,0026,0100	
U 1661, 1651,0001,0000,0000,0000,0026,0200	
U 1662, 1664,3240,0007,0000,0020,5510,0161	
U 1663, 1670,3243,6000,0301,0020,2310,0010	
U 1664, 1663,4001,0000,0000,0000,0026,0100	
U 1665, 1663,4001,0000,0000,0000,0026,0200	
U 1666, 1605,0001,0007,0000,0000,1010,0152	
U 1667, 1564,4061,7607,0000,0020,1010,0152	
U 1670, 1671,3200,2007,0000,0020,0010,0163	
U 1671, 1672,3240,4207,0203,3020,4510,0153	
U 1672, 1720,3240,4207,0202,2020,4510,0156	
U 1673, 1672,4001,0000,1401,0000,0010,0000	
U 1674, 1716,3240,0007,0000,0134,0010,0152	
U 1675, 1530,3200,2007,0302,0020,6410,0156	
U 1676, 1530,3200,2007,0302,0020,0010,0157	
U 1677, 1551,0001,3000,0000,0062,2010,0567	
U 1700, 1302,0001,0040,0000,0000,7321,0000	
U 1701, 1324,3701,0000,0000,0060,2023,0407	
U 1702, 1302,3401,2040,0000,0000,7321,0000	
U 1703, 1351,0001,3000,0000,0060,2010,0514	
U 1704, 1302,0001,0040,0000,3001,7310,0404	
U 1705, 1365,3703,0000,0000,0060,2023,0406	
U 1706, 1302,3401,2040,0000,0000,7321,0000	
U 1707, 1365,0001,3000,0000,0060,2010,0516	
U 1710, 1302,3441,2400,0000,1000,7321,0000	
U 1711, 1712,3703,4000,0000,2060,2023,0404	
U 1712, 1713,3701,4000,0000,3060,2023,0405	
U 1713, 1364,3703,0000,0000,0060,2023,0404	
U 1714, 1002,3242,2000,0000,0000,0010,0000	
U 1715, 1747,3701,6200,0302,3040,0007,0031	
U 1716, 0000,4001,0000,0000,0000,2103,0105	
U 1717, 2007,3701,6200,0302,3040,0007,0031	
U 1720, 1674,3200,4247,0000,2020,0010,0157	
U 1721, 1674,3240,4247,1402,2020,0010,0157	
U 1722, 1723,4001,0000,0000,0000,1510,0000	
U 1723, 2040,3240,0047,0000,0320,0005,0152	
U 1724, 1726,0001,0000,0000,0102,3010,0500	
U 1725, 0151,0001,0000,0000,0000,2110,0105	
U 1726, 1730,3200,2007,0000,0020,6510,0161	
U 1727, 2040,0001,0007,0000,0000,1005,0161	
U 1730, 0264,3731,2400,0302,1000,1721,0015	
U 1731, 1746,0001,0007,0000,0000,1010,0162	
U 1732, 1734,4001,0000,0000,0000,2210,0100	
U 1733, 1740,4061,2210,0302,0020,0017,0010	
U 1734, 1735,3721,2000,0000,0016,0026,0111	
U 1735, 1736,4001,0007,0000,0000,1010,0140	
U 1736, 1741,4001,0000,0000,0000,1510,0004	
U 1737, 1553,3242,2047,0000,0000,1010,0161	
U 1740, 1254,4001,4000,0000,0000,2221,0200	
U 1741, 1742,3731,2003,0000,0016,3610,0000	
U 1742, 1744,0001,0003,0000,0002,3610,0000	
U 1743, 1732,3701,0000,0000,0060,2010,0415	
U 1744, 1745,4001,0000,0000,0012,0026,0111	
U 1745, 0226,0001,0000,0000,0000,2110,0105	
U 1746, 1750,4001,0000,0000,0000,2310,0100	
U 1747, 1620,3200,4207,2421,0020,0010,0144	
U 1750, 1543,0001,0000,0000,0000,2110,0105	
U 1751, 1752,0612,2000,0000,0020,1610,0000	
U 1752, 1753,3713,2000,0000,3000,0610,0004	
U 1753, 2040,4001,0000,0000,0000,1005,0000	
U 1754, 0002,3240,0003,0000,0022,0003,0000	
U 1755, 1756,3240,2460,0000,1020,0010,0000	
U 1756, 1760,0001,4000,0000,3001,0010,0020	
U 1757, 1606,3200,4207,2421,0020,0010,0143	
U 1760, 1761,5102,2004,0000,0020,0010,0000	
U 1761, 1762,4021,2040,0000,0020,0021,0000	
U 1762, 1764,0602,2004,0000,3020,0610,0004	
U 1763, 1766,4662,0000,0000,0040,5410,0000	
U 1764, 1765,0001,4000,0000,3000,1610,0607	
U 1765, 0002,0001,0000,0000,0000,1003,0000	
U 1766, 1771,0612,0004,0000,0332,0010,0000	
U 1767, 1770,0612,0000,0000,0332,7410,0000	
U 1770, 1774,3240,0003,0000,0022,1621,0107	
U 1771, 1774,3240,0003,0000,0022,1621,0107	
U 1772, 1774,4001,0000,0000,0000,1621,0107	
U 1773, 1771,0612,0004,0000,0332,0010,0000	
U 1774, 2000,3711,0000,0000,0316,7010,0000	
U 1777, 1505,3203,7700,0000,0000,2110,0145	
U 2000, 2004,5122,0000,0000,0040,5310,0000	
U 2001, 1751,4001,0003,0000,0002,0010,0000	
U 2002, 1002,3242,2000,0000,0000,0010,0000	
U 2003, 0001,4001,0000,0000,0000,0003,0000	
U 2004, 0071,4001,0003,0000,0206,0010,0400	
U 2005, 0002,4001,0603,0000,0022,1603,0607	
U 2007, 1620,3200,4207,2421,0020,0010,0141	
U 2017, 1606,3240,4207,2421,0020,0010,0142	
U 2023, 1633,3242,2000,0302,0000,0010,0033	
U 2027, 1632,0001,4000,0302,0000,0010,0040	
U 2033, 1632,0001,4000,0302,0000,0010,0040	
U 2037, 1652,4001,4000,0302,0000,0010,0050	
U 2040, 1724,0001,0000,0301,0000,7010,0037	
U 2047, 1751,3240,0207,0000,0020,0010,0157	
U 2057, 2077,0001,0000,0000,0100,0006,0000	
U 2077, 2040,0001,0000,0000,0000,1615,0000	
U 2377, 1505,3203,7700,0000,0000,2110,0145	
